# oST version 5.0 parameters


[image]

width
640

height
480

[left_camera]

camera matrix
512.115262 0.000000 306.093216
0.000000 511.520898 256.641078
0.000000 0.000000 1.000000

distortion
-0.097068 0.196020 0.000115 -0.001892 0.000000

rectification
0.999885 -0.001965 0.015039
0.001923 0.999994 0.002792
-0.015044 -0.002763 0.999883

projection
540.665130 0.000000 293.941448 0.000000
0.000000 540.665130 251.774086 0.000000
0.000000 0.000000 1.000000 0.000000

