# oST version 5.0 parameters


[image]

width
640

height
480

[right_camera]

camera matrix
522.498624 0.000000 290.446162
0.000000 521.215110 250.774938
0.000000 0.000000 1.000000

distortion
-0.104948 0.209460 -0.000676 -0.005633 0.000000

rectification
0.999988 -0.004551 0.001942
0.004556 0.999986 -0.002773
-0.001930 0.002782 0.999994

projection
540.665130 0.000000 293.941448 -48.670198
0.000000 540.665130 251.774086 0.000000
0.000000 0.000000 1.000000 0.000000

